1350 0 0.0581 0.0777 0.0817 0.0418 0.1103 0.0313
1350 100 0.0562 0.0782 0.0790 0.0404 0.1066 0.0303
1400 0 0.0693 0.0964 0.0972 0.0499 0.1314 0.0374
1400 100 0.0693 0.0954 0.0975 0.0499 0.1316 0.0374
1400 1200 1.6250 1.2520 2.4152 1.1251 3.4908 0.8252
1400 1375 3.4219 1.9543 5.0177 2.3989 7.1012 1.7644
1400 300 0.0757 0.0993 0.1055 0.0540 0.1425 0.0405
1450 0 0.0825 0.1197 0.1157 0.0591 0.1564 0.0442
1450 100 0.0830 0.1210 0.1164 0.0594 0.1573 0.0447
1450 1200 1.4102 0.9096 2.1409 0.9488 3.1306 0.6720
1450 1250 1.9219 1.3431 2.8795 1.3166 4.1881 0.9534
1450 1300 2.7812 2.8859 4.1781 1.9081 6.1339 1.4015
1450 1350 3.8125 2.7757 5.7425 2.6211 8.4622 1.9062
1450 1425 5.7188 2.8367 8.2490 4.0367 11.5697 2.9934
1450 200 0.0845 0.1174 0.1192 0.0607 0.1606 0.0455
1450 300 0.0889 0.1196 0.1246 0.0639 0.1684 0.0479
1450 400 0.1030 0.1272 0.1445 0.0738 0.1953 0.0551
1450 500 0.1206 0.1506 0.1692 0.0864 0.2286 0.0645
1450 550 0.1328 0.1551 0.1873 0.0952 0.2525 0.0711
1450 650 0.1719 0.1818 0.2418 0.1232 0.3262 0.0920
1450 700 0.2031 0.1803 0.2865 0.1456 0.3887 0.1087
1450 750 0.2334 0.2261 0.3302 0.1667 0.4503 0.1240
1500 0 0.1030 0.1509 0.1453 0.0741 0.1958 0.0555
1500 1000 0.6738 0.4891 0.9693 0.4756 1.3447 0.3527
1500 100 0.0991 0.1411 0.1390 0.0710 0.1879 0.0530
1500 1100 0.9492 0.8663 1.3957 0.6572 1.9722 0.4820
1500 1150 1.2773 0.7608 1.8629 0.8906 2.6130 0.6586
1500 1250 2.2656 1.8391 3.2951 1.5853 4.6570 1.1771
1500 1300 2.9453 2.1623 4.3541 2.0393 6.2597 1.4957
1500 1350 3.3594 2.7688 5.0868 2.2932 7.5108 1.6534
1500 1400 5.2031 4.0191 7.8578 3.5568 11.5910 2.6016
1500 1450 7.0312 3.7719 10.4786 4.8413 15.2484 3.5706
1500 200 0.1030 0.1504 0.1453 0.0741 0.1958 0.0555
1500 300 0.1094 0.1465 0.1534 0.0783 0.2073 0.0590
1500 400 0.1211 0.1628 0.1698 0.0866 0.2295 0.0653
1500 700 0.2217 0.2364 0.3127 0.1589 0.4242 0.1186
1500 800 0.3057 0.2901 0.4312 0.2184 0.5888 0.1624
1500 950 0.5332 0.5352 0.7606 0.3777 1.0464 0.2812
1550 0 0.1260 0.1989 0.1772 0.0906 0.2391 0.0679
1550 1000 0.7090 0.5660 1.0114 0.5039 1.3914 0.3766
1550 100 0.1216 0.1810 0.1710 0.0870 0.2308 0.0655
1550 1050 0.9023 0.6182 1.2944 0.6391 1.7757 0.4758
1550 1450 7.2500 4.7322 10.8046 5.0198 15.7667 3.6816
1550 1500 7.0000 3.6870 10.8505 4.6294 16.1905 3.2539
1550 1525 7.8438 3.3825 11.7207 5.3926 16.8858 3.9219
1550 200 0.1216 0.1850 0.1715 0.0874 0.2319 0.0655
1550 300 0.1284 0.1870 0.1801 0.0920 0.2434 0.0687
1550 400 0.1372 0.1905 0.1924 0.0982 0.2601 0.0740
1550 500 0.1587 0.2029 0.2232 0.1141 0.3012 0.0855
1550 600 0.2002 0.2367 0.2808 0.1435 0.3782 0.1071
1550 650 0.2148 0.2531 0.3022 0.1537 0.4078 0.1158
1550 700 0.2471 0.2483 0.3485 0.1777 0.4712 0.1332
1550 750 0.2832 0.2907 0.3995 0.2030 0.5383 0.1516
1550 800 0.3398 0.3197 0.4780 0.2432 0.6472 0.1832
1550 850 0.3906 0.3917 0.5510 0.2786 0.7500 0.2090
1550 900 0.4492 0.4636 0.6372 0.3209 0.8735 0.2386
1550 950 0.5527 0.5213 0.7863 0.3915 1.0763 0.2915
1600 0 0.1519 0.2421 0.2130 0.1088 0.2878 0.0813
1600 100 0.1484 0.2346 0.2088 0.1064 0.2818 0.0794
1600 1350 3.6406 3.1682 5.3675 2.5207 7.7067 1.8488
1600 1400 4.7969 3.8220 7.1105 3.3213 10.2645 2.4359
1600 1500 7.7500 6.8938 11.6733 5.3281 17.2483 3.8750
1600 1550 11.6562 8.0988 17.3247 8.0706 25.1107 5.9192
1600 200 0.1465 0.2339 0.2060 0.1050 0.2780 0.0784
1600 300 0.1538 0.2200 0.2163 0.1102 0.2919 0.0823
1600 400 0.1650 0.2393 0.2315 0.1183 0.3128 0.0883
1600 500 0.1865 0.2267 0.2616 0.1335 0.3535 0.1005
1600 600 0.2217 0.2792 0.3109 0.1586 0.4202 0.1195
1600 650 0.2480 0.3210 0.3479 0.1775 0.4701 0.1337
1600 700 0.2812 0.2947 0.3956 0.2023 0.5339 0.1516
1600 750 0.3174 0.2879 0.4477 0.2275 0.6033 0.1698
1600 800 0.3545 0.3106 0.5000 0.2541 0.6784 0.1897
1600 850 0.4355 0.4199 0.6109 0.3106 0.8255 0.2331
1650 0 0.1831 0.3014 0.2583 0.1312 0.3481 0.0980
1650 1000 0.7969 0.7750 1.1272 0.5663 1.5373 0.4233
1650 100 0.1821 0.3043 0.2569 0.1305 0.3462 0.0975
1650 1150 1.4648 1.4225 2.1013 1.0340 2.9010 0.7668
1650 1300 3.0625 2.2410 4.3931 2.1691 6.1034 1.6150
1650 1350 3.8281 3.0443 5.5829 2.6837 7.8783 1.9739
1650 1400 4.9688 3.8312 7.2860 3.4645 10.3725 2.5620
1650 1450 5.1406 5.0891 7.7839 3.4887 11.4933 2.5302
1650 1500 8.1562 5.6789 12.2852 5.5676 18.1035 4.0144
1650 1550 10.7812 8.2143 16.2390 7.3700 23.9299 5.3906
1650 1600 11.7188 7.8714 17.4643 8.0853 25.3430 5.9052
1650 1625 12.6875 4.7962 18.8068 8.7846 26.9173 6.4429
1650 200 0.1899 0.2959 0.2664 0.1361 0.3600 0.1016
1650 300 0.1851 0.2825 0.2596 0.1326 0.3508 0.0990
1650 400 0.1943 0.2956 0.2733 0.1393 0.3689 0.1040
1650 800 0.4043 0.4343 0.5703 0.2893 0.7685 0.2179
1650 850 0.4707 0.5066 0.6621 0.3374 0.8935 0.2519
1650 900 0.5391 0.5203 0.7604 0.3864 1.0316 0.2885
1700 0 0.2266 0.3755 0.3187 0.1624 0.4300 0.1212
1700 100 0.2197 0.3598 0.3099 0.1575 0.4191 0.1176
1700 1150 1.6484 1.5220 2.3252 1.1715 3.1755 0.8757
1700 1350 3.8281 2.5649 5.5677 2.6692 7.8214 1.9739
1700 1450 6.7812 5.2486 9.9979 4.7213 14.3549 3.4436
1700 1500 8.1250 7.7784 12.0438 5.6256 17.3860 4.1260
1700 1550 11.0938 8.6220 16.6655 7.6270 24.4665 5.5469
1700 1600 13.2500 6.8434 20.0631 8.9921 29.5451 6.5215
1700 1650 17.8125 8.7736 26.6877 12.2026 39.0311 8.8367
1700 1675 16.4375 10.6194 24.1034 11.4839 34.3141 8.4114
1700 200 0.2246 0.3557 0.3168 0.1610 0.4270 0.1202
1700 300 0.2314 0.3728 0.3255 0.1664 0.4393 0.1248
1700 400 0.2412 0.3345 0.3383 0.1729 0.4572 0.1291
1700 500 0.2607 0.3650 0.3668 0.1875 0.4949 0.1406
1700 600 0.2959 0.4191 0.4162 0.2128 0.5617 0.1595
1700 750 0.3906 0.4923 0.5479 0.2786 0.7404 0.2090
1700 800 0.4434 0.4988 0.6219 0.3178 0.8403 0.2373
1750 0 0.2832 0.4629 0.3995 0.2020 0.5383 0.1516
1750 1000 0.9336 0.9168 1.3169 0.6680 1.7747 0.5033
1750 100 0.2773 0.4606 0.3912 0.1988 0.5272 0.1484
1750 1150 1.6172 1.1421 2.3069 1.1493 3.1738 0.8591
1750 1300 3.2969 2.3731 4.7162 2.3272 6.5204 1.7257
1750 1350 3.9531 3.1870 5.7337 2.7713 8.0177 2.0383
1750 200 0.2725 0.4474 0.3843 0.1949 0.5179 0.1469
1750 300 0.2744 0.4464 0.3871 0.1973 0.5216 0.1479
1750 400 0.2930 0.4878 0.4109 0.2100 0.5553 0.1568
1750 500 0.3096 0.4940 0.4342 0.2219 0.5867 0.1657
1750 950 0.7773 0.7902 1.0965 0.5572 1.4777 0.4160
1800 0 0.3496 0.5560 0.4918 0.2506 0.6636 0.1871
1800 1000 1.0039 0.9314 1.4081 0.7183 1.9028 0.5412
1800 100 0.3389 0.5212 0.4780 0.2429 0.6442 0.1813
1800 1050 1.1992 0.9673 1.6868 0.8595 2.2763 0.6418
1800 1100 1.4258 1.4516 2.0112 1.0202 2.7103 0.7686
1800 1150 1.8203 1.6005 2.5604 1.2981 3.4784 0.9742
1800 1300 3.7656 2.5687 5.3417 2.6762 7.3223 2.0005
1800 1350 4.3125 3.4772 6.1862 3.0337 8.5946 2.2405
1800 1500 8.8750 5.6369 13.0140 6.1449 18.5270 4.5068
1800 1550 11.4688 8.3623 16.8631 7.9968 24.1100 5.9136
1800 1600 13.0625 9.2251 19.7792 8.9167 29.0491 6.4292
1800 1650 18.1875 17.9868 27.1045 12.5228 39.5526 9.2358
1800 1700 23.7500 16.5632 35.5836 16.3861 51.8984 11.9678
1800 1750 33.7500 21.4248 50.4316 23.1547 73.6757 17.0068
1800 200 0.3389 0.5539 0.4780 0.2425 0.6442 0.1827
1800 300 0.3389 0.5728 0.4766 0.2437 0.6432 0.1827
1800 400 0.3525 0.5525 0.4945 0.2527 0.6682 0.1887
1800 500 0.3799 0.5890 0.5328 0.2723 0.7200 0.2033
1850 0 0.4277 0.7354 0.5999 0.3050 0.8134 0.2289
1850 1000 1.0977 1.2028 1.5396 0.7854 2.0804 0.5917
1850 100 0.4238 0.6938 0.5978 0.3038 0.8057 0.2268
1850 1050 1.2773 1.2208 1.7916 0.9140 2.4210 0.6886
1850 1100 1.5391 1.5220 2.1587 1.1012 2.9171 0.8297
1850 1200 2.1953 1.8262 3.0966 1.5602 4.2151 1.1663
1850 1250 2.8047 2.4423 3.9785 2.0035 5.4182 1.4900
1850 1350 4.3125 3.0040 6.1690 3.0545 8.4749 2.2742
1850 1400 5.8125 4.0952 8.2916 4.1309 11.4071 3.0879
1850 1450 7.2812 5.3479 10.4448 5.1396 14.5111 3.8113
1850 1500 9.0938 7.6344 13.0810 6.4190 18.1470 4.7600
1850 1550 11.7188 8.1738 16.9971 8.2283 23.7679 6.1340
1850 1600 14.6875 9.7467 21.7714 10.1694 31.2498 7.4585
1850 1650 19.8125 13.5980 29.3683 13.7178 42.2746 10.0610
1850 1700 24.2500 16.4742 36.3327 16.6719 53.1371 12.1250
1850 1750 32.2500 23.1186 48.9615 21.9662 72.7472 15.9990
1850 1800 36.3750 15.7110 54.2091 25.1854 78.6646 18.4717
1850 1825 38.5000 17.3134 56.4551 26.6567 80.3707 19.5508
1850 300 0.4199 0.7209 0.5923 0.3020 0.7982 0.2264
1850 400 0.4395 0.7181 0.6164 0.3150 0.8329 0.2352
1850 500 0.4551 0.6903 0.6419 0.3273 0.8680 0.2453
1850 850 0.7168 0.8848 1.0054 0.5138 1.3586 0.3836
1850 900 0.8281 1.0128 1.1648 0.5925 1.5719 0.4464
1900 0 0.5254 0.8892 0.7411 0.3766 1.0054 0.2812
1900 1000 1.2422 1.3164 1.7423 0.8888 2.3464 0.6696
1900 100 0.5098 0.8371 0.7191 0.3654 0.9755 0.2728
1900 1050 1.3633 1.4310 1.9176 0.9754 2.5877 0.7349
1900 1100 1.6172 1.6111 2.2683 1.1629 3.0444 0.8718
1900 1300 3.7188 3.1454 5.2604 2.6565 7.1739 1.9756
1900 1550 11.9688 8.7753 17.1689 8.4484 23.8531 6.2649
1900 200 0.5176 0.8114 0.7260 0.3691 0.9843 0.2770
1900 300 0.5293 0.8865 0.7445 0.3794 1.0047 0.2833
1900 400 0.5312 0.8741 0.7451 0.3808 1.0069 0.2843
1900 800 0.7637 1.0891 1.0711 0.5474 1.4474 0.4087
1900 950 1.0312 1.3015 1.4505 0.7416 1.9575 0.5559
1950 100 0.6465 1.0725 0.9119 0.4634 1.2289 0.3460
1950 1050 1.5469 1.7053 2.1696 1.1068 2.9319 0.8339
1950 1100 1.8203 1.9338 2.5532 1.3090 3.4501 0.9813
1950 1250 3.0781 2.7247 4.3296 2.2135 5.8427 1.6593
1950 1300 3.8906 3.2850 5.4880 2.7886 7.4453 2.0821
1950 1350 4.7344 3.6684 6.6781 3.3647 9.0901 2.5151
1950 1400 5.9688 4.9890 8.5145 4.2132 11.7138 3.1243
1950 1850 58.5000 42.0126 87.1816 40.3616 126.5122 29.4785
1950 1900 73.7500 29.3811 113.7300 48.5920 167.7012 33.9941
1950 200 0.6387 1.0759 0.9009 0.4578 1.2141 0.3418
1950 300 0.6348 1.0601 0.8928 0.4550 1.2049 0.3397
1950 400 0.6562 1.0528 0.9231 0.4704 1.2457 0.3512
1950 500 0.6875 1.1260 0.9643 0.4944 1.3031 0.3706
2000 0 0.8164 1.4549 1.1451 0.5822 1.5526 0.4369
2000 1000 1.4844 2.0830 2.0879 1.0621 2.8175 0.8002
2000 100 0.7852 1.3105 1.1106 0.5627 1.5047 0.4202
2000 1050 1.6953 2.0240 2.3778 1.2191 3.2132 0.9139
2000 1100 1.9219 2.1258 2.6956 1.3751 3.6303 1.0360
2000 1150 2.3438 2.4225 3.2873 1.6854 4.4422 1.2634
2000 1200 2.7188 2.5821 3.8133 1.9551 5.1530 1.4656
2000 1250 3.2031 2.6114 4.4927 2.2958 6.0710 1.7142
2000 1350 5.0000 3.5963 7.0528 3.5837 9.5683 2.6758
2000 1400 6.2500 4.9896 8.8160 4.4569 11.9604 3.3447
2000 1550 12.3125 9.2122 17.6129 8.6910 24.1963 6.4448
2000 200 0.7852 1.3244 1.1075 0.5646 1.5025 0.4232
2000 300 0.7617 1.2967 1.0745 0.5460 1.4577 0.4076
2000 400 0.8008 1.3083 1.1296 0.5739 1.5222 0.4285
2050 0 0.9922 1.8261 1.3995 0.7075 1.8987 0.5310
2050 1000 1.6562 2.3708 2.3296 1.1851 3.1438 0.8928
2050 100 0.9805 1.6461 1.3830 0.6992 1.8763 0.5247
2050 1100 2.1719 2.6709 3.0463 1.5618 4.1165 1.1708
2050 1150 2.4609 2.9144 3.4615 1.7697 4.6712 1.3266
2050 1200 2.8359 2.8671 3.9890 2.0292 5.3830 1.5287
2050 1250 3.3906 2.7061 4.7557 2.4383 6.3830 1.8278
2050 1350 5.2031 4.3082 7.2979 3.7293 9.8617 2.7845
2050 1400 6.5000 4.6069 9.1427 4.6508 12.3379 3.5039
2050 1500 10.2188 8.5835 14.5364 7.2624 19.8981 5.4287
2050 1600 15.6875 14.5926 22.5034 11.1112 31.0674 8.2727
2050 1700 27.7500 18.9165 39.9174 19.5879 55.3764 14.5254
2050 1750 34.3750 22.9495 49.8583 24.2643 69.7193 17.9932
2050 1800 48.7500 31.3149 70.9024 34.1762 100.2067 25.1367
2050 1850 62.6250 36.2500 92.3305 43.5134 132.5680 32.0464
2050 1900 73.7500 54.8960 110.4963 50.7031 161.1580 36.8750
2050 200 0.9648 1.6559 1.3610 0.6915 1.8464 0.5163
2050 300 0.9414 1.4945 1.3279 0.6725 1.8015 0.5001
2050 400 0.9961 1.7842 1.4051 0.7139 1.9062 0.5331
2050 500 1.0000 1.7130 1.4066 0.7167 1.8981 0.5352
2100 0 1.2305 2.1942 1.7357 0.8790 2.3625 0.6537
2100 1000 1.9609 2.4987 2.7582 1.4101 3.7221 1.0571
2100 1150 2.7812 3.3757 3.9010 2.0000 5.2714 1.4993
2100 1250 3.7344 3.8892 5.2378 2.6854 7.0779 2.0131
2100 1300 4.4531 4.7537 6.2459 3.1917 8.4402 2.3831
2100 1350 5.4062 4.0962 7.5828 3.8877 10.1775 2.9143
2100 500 1.2266 2.0597 1.7301 0.8791 2.3472 0.6564
2100 600 1.2969 2.2060 1.8190 0.9295 2.4580 0.6940
2100 700 1.3906 2.3385 1.9505 0.9950 2.6357 0.7496
2100 800 1.4844 2.3179 2.0820 1.0621 2.8134 0.8002
2100 900 1.6406 2.4659 2.3077 1.1739 3.1141 0.8844
2150 0 1.4766 2.5845 2.0946 1.0548 2.8525 0.7844
2150 1000 2.2969 3.2493 3.2216 1.6434 4.3534 1.2382
2150 100 1.4688 2.6241 2.0776 1.0492 2.8334 0.7803
2150 1150 3.0234 3.8611 4.2527 2.1742 5.7389 1.6298
2150 1200 3.6094 4.7069 5.0481 2.5826 6.7847 1.9457
2150 1300 4.7344 4.4379 6.6215 3.4046 8.8994 2.5521
2150 1350 5.5938 5.2199 7.8457 4.0226 10.5305 3.0154
2150 1400 6.7500 6.2121 9.4944 4.8540 12.8124 3.6387
2150 1450 8.4375 6.7893 11.8344 6.0675 15.9920 4.5483
2150 1600 16.6875 14.0622 23.6718 11.9208 32.2377 8.8652
2150 1650 21.2500 15.7983 30.4827 14.9998 42.0834 11.1230
2150 1800 43.1250 36.4243 62.5495 30.2328 87.4660 22.2363
2150 1850 57.5000 35.8108 84.3161 39.9524 119.3269 29.4238
2150 200 1.4648 2.6130 2.0663 1.0464 2.8032 0.7782
2150 300 1.4414 2.5587 2.0332 1.0331 2.7584 0.7714
2150 400 1.5234 2.6351 2.1489 1.0864 2.9153 0.8153
2150 500 1.5117 2.5778 2.1263 1.0780 2.8887 0.8090
2150 600 1.5625 2.5884 2.2040 1.1180 2.9702 0.8423
2200 0 1.8516 3.2597 2.6265 1.3227 3.5769 0.9836
2200 1000 2.6562 3.8332 3.7256 1.9006 5.0345 1.4319
2200 1100 3.2031 4.6737 4.5054 2.3034 6.0800 1.7267
2200 1200 3.9219 4.9918 5.5164 2.8203 7.4443 2.1141
2200 1250 4.5781 5.4367 6.4212 3.2757 8.6771 2.4679
2200 1300 5.1562 5.8475 7.2321 3.7079 9.7069 2.7795
2200 1350 6.1562 5.3647 8.6347 4.4049 11.6682 3.3186
2200 1400 7.1875 6.6873 10.0811 5.1686 13.6228 3.8745
2200 1450 8.9062 7.6979 12.4918 6.4046 16.7665 4.8010
2200 1550 13.6875 10.5231 19.1980 9.8429 25.7674 7.3784
2200 1650 21.6875 15.7590 30.7645 15.4132 42.0344 11.5215
2200 1700 28.1250 19.1651 40.0084 19.9204 54.7654 14.8315
2200 500 1.8359 3.0580 2.5970 1.3159 3.5184 0.9825
2200 600 1.9609 3.3872 2.7582 1.4055 3.7346 1.0494
2200 800 2.1641 3.5687 3.0353 1.5511 4.1017 1.1581
2250 0 2.2734 4.0337 3.2249 1.6157 4.4207 1.2078
2250 100 2.2188 3.9232 3.1474 1.5769 4.3144 1.1787
2250 1250 5.0000 6.6457 7.0130 3.5776 9.4767 2.6953
2250 1300 5.6719 7.2374 7.9553 4.0583 10.7502 3.0575
2250 1350 6.6250 8.1275 9.2922 4.7641 12.5567 3.5713
2250 1400 7.5312 7.6932 10.5933 5.4158 14.2953 4.0598
2250 1450 9.3125 8.9714 13.0616 6.6632 17.5312 5.0200
2250 1550 14.0625 11.5463 19.7800 10.1126 26.6925 7.5806
2250 1650 22.6250 16.4083 31.8238 16.2161 42.9453 12.1079
2250 1700 27.1250 18.3298 38.4777 19.2776 52.4013 14.4102
2250 1750 38.3750 25.7767 54.4363 27.2729 74.1346 20.3867
2250 1800 47.5000 44.5892 67.7591 33.6434 93.2197 25.0488
2250 200 2.2266 3.8796 3.1585 1.5906 4.3296 1.1829
2250 300 2.2422 3.9219 3.1717 1.5935 4.3255 1.1912
2250 400 2.2188 3.8858 3.1385 1.5850 4.2802 1.1787
2250 500 2.3516 3.4373 3.3170 1.6769 4.5001 1.2585
2250 600 2.3672 3.6383 3.3391 1.6881 4.5300 1.2668
2250 700 2.5000 4.0268 3.5264 1.7918 4.7842 1.3379
2300 0 2.8125 4.7032 3.9896 1.9988 5.4690 1.4941
2300 1000 3.7344 6.3887 5.2527 2.6854 7.0884 2.0131
2300 100 2.7812 4.8398 3.9564 1.9766 5.4157 1.4775
2300 1100 4.3594 6.9566 6.1318 3.1349 8.2747 2.3500
2300 1200 5.0781 7.7831 7.1428 3.6518 9.6390 2.7374
2300 1300 6.4062 8.0968 9.0109 4.6068 12.1599 3.4534
2300 1350 7.2500 9.2934 10.1688 5.1875 13.6949 3.9082
2300 1400 8.5000 10.3721 11.9220 6.1125 16.0017 4.5820
2300 1450 10.0000 10.2857 14.0259 7.1912 18.8255 5.3906
2300 1500 11.5625 10.5950 16.2175 8.3148 21.7670 6.2329
2300 1550 14.8125 12.6563 20.6578 10.5986 27.8018 7.9849
2300 300 2.7422 4.7885 3.8899 1.9489 5.3322 1.4568
2350 0 3.4219 5.9484 4.8813 2.4237 6.6723 1.8045
2350 100 3.3594 5.9080 4.8056 2.3794 6.6018 1.7715
2350 1400 9.2188 11.9862 12.9301 6.6294 17.3548 4.9695
2350 1450 10.9062 12.4854 15.2970 7.8429 20.6712 5.8792
2350 1500 12.8125 13.2833 17.9196 9.1675 24.0841 6.9067
2350 1600 18.3125 16.1061 25.6119 13.1688 34.4226 9.8716
2350 1650 22.5625 19.2226 31.7359 16.1714 42.8267 12.0745
2350 1800 46.1250 32.6186 65.7976 32.7301 89.9395 24.1436
2350 300 3.3438 6.0578 4.7699 2.3764 6.5200 1.7764
2350 400 3.3125 5.7359 4.6989 2.3542 6.4412 1.7598
2350 500 3.4062 5.5903 4.8319 2.4208 6.6019 1.8096
2350 600 3.5469 6.1450 5.0314 2.5337 6.8520 1.8843
2350 800 3.8750 6.5815 5.4659 2.7774 7.4154 2.0737
2350 900 4.2031 7.1326 5.9288 3.0225 8.0166 2.2657
2400 1000 5.4844 8.6237 7.6923 3.9308 10.3948 2.9350
2400 1100 6.0781 10.0058 8.5251 4.3490 11.5202 3.2765
2400 1200 6.9062 10.7929 9.6866 4.9664 13.0898 3.7229
2400 1650 23.3125 16.7537 32.6979 16.7644 43.8870 12.5669
2400 1700 28.8750 22.1314 40.4998 20.6605 54.7282 15.5654
2400 1750 37.2500 27.0814 52.5434 26.6984 71.2838 19.9346
2400 400 4.0781 7.0042 5.8175 2.8885 7.9520 2.1506
2400 500 4.1094 7.0077 5.8457 2.9106 8.0018 2.1671
2400 600 4.2969 7.3692 6.0953 3.0538 8.3009 2.2827
2400 700 4.5156 7.9050 6.3696 3.2092 8.6989 2.3989
2400 800 4.6875 8.1946 6.6120 3.3485 8.9703 2.4902
2400 900 5.0781 8.3471 7.1630 3.6212 9.7178 2.7176
2450 0 5.3594 9.8778 7.6452 3.8030 10.5179 2.8053
2450 1000 6.4688 10.6676 9.1246 4.6364 12.3790 3.4618
2450 100 5.1562 9.3399 7.3965 3.6397 10.1467 2.6990
2450 1100 7.3438 12.2491 10.3588 5.2810 13.9599 3.9587
2450 1200 7.9375 12.5888 11.1331 5.6891 15.0443 4.2478
2450 1300 9.5312 14.8469 13.3684 6.8541 18.0650 5.1379
2450 1400 11.5625 15.6006 16.2175 8.3148 21.9150 6.2329
2450 1800 48.0000 35.4188 67.3243 34.3447 90.9768 25.8750
2450 500 5.0781 8.8057 7.2440 3.5967 9.9019 2.6779
2450 700 5.6875 9.5328 8.0679 4.0421 10.9874 3.0215
2450 800 5.7812 9.5847 8.1779 4.1299 11.1527 3.0713
2450 900 6.1719 10.6907 8.7058 4.4012 11.8109 3.3029
2500 0 6.3438 11.4075 9.1505 4.4779 12.6757 3.3206
2500 100 6.3125 11.4131 9.0551 4.4406 12.5012 3.2795
2500 1300 10.9688 17.4083 15.4284 7.8878 20.8202 5.9128
2500 1500 16.5625 22.5498 23.2304 11.9104 31.3917 8.9282
2500 1550 19.3750 26.7766 27.1752 13.8631 36.4744 10.4443
2500 1600 22.1250 25.3999 31.0323 15.9104 41.7930 11.9268
2500 1650 26.3750 26.2638 36.9933 18.9667 49.9898 14.2178
2500 1700 30.6250 30.8102 42.7102 22.0229 57.4805 16.5088
2500 1750 38.5000 32.0752 53.6928 27.6860 72.2612 20.7539
2500 1800 49.3750 39.7891 69.0561 35.5064 92.8118 26.6162
2500 200 6.1719 10.7572 8.8780 4.3566 12.2390 3.2306
2500 300 6.1562 10.9906 8.8310 4.3455 12.1918 3.2224
2500 400 6.2812 10.9113 8.9602 4.4338 12.3667 3.2878
2500 500 6.2812 10.8719 8.9853 4.4338 12.3438 3.2878
2500 600 6.6562 11.6928 9.4952 4.7145 13.0630 3.5101
2500 700 6.6562 11.7039 9.4421 4.7145 12.9432 3.5101
2500 800 7.0938 11.9763 10.0627 5.0415 13.7040 3.7686
2500 900 7.4062 12.8979 10.4470 5.2636 14.2674 3.9346
2550 0 7.8438 13.3286 11.2830 5.5178 15.6035 4.0751
2550 1000 9.7812 16.8675 13.8361 6.9873 18.8071 5.1963
2550 1100 10.4688 17.1376 14.7668 7.5033 20.0336 5.6024
2550 1200 11.7812 20.1922 16.5712 8.4297 22.3624 6.3508
2550 1300 13.3125 20.3019 18.6720 9.5253 25.2318 7.1763
2550 1400 15.4375 21.5473 21.6525 11.0458 29.2595 8.3218
2550 1500 18.6875 25.9929 26.2109 13.4385 35.4193 10.0737
2550 1550 21.3750 28.9245 29.9804 15.3711 40.5131 11.5225
2550 1600 24.4375 30.3828 34.2758 17.5734 46.1612 13.1733
2550 1650 28.3750 35.1069 39.7985 20.3027 53.4174 15.2959
2550 1700 35.2500 30.9421 49.4413 25.3488 66.3599 19.0020
2550 1750 40.6250 39.6286 56.9802 29.2141 76.4786 21.8994
2550 1800 50.2500 36.2243 70.4802 36.3165 94.5982 27.0879
2550 1850 62.2500 51.1666 87.3112 44.7650 117.1888 33.5566
2550 200 7.5000 13.3171 10.8184 5.2579 14.9861 3.8672
2550 300 7.4688 13.3329 10.7733 5.2540 14.9236 3.8802
2550 400 7.5938 13.3397 10.8931 5.3602 15.0386 3.9749
2550 500 7.6562 13.3853 11.0132 5.4043 15.1825 4.0076
2600 0 9.7812 16.9771 14.1090 6.8807 19.5444 5.0817
2600 1000 11.6875 19.8239 16.5791 8.3062 22.6525 6.2090
2600 100 9.8750 16.9109 14.2442 6.9467 19.7317 5.1304
2600 1100 12.6250 22.0399 17.8083 9.0187 24.3208 6.7070
2600 1200 14.3125 24.2338 20.0746 10.2063 27.2188 7.6594
2600 1300 15.8750 26.2175 22.2661 11.3588 30.0887 8.5576
2600 1400 18.0625 28.2646 25.3343 12.9240 34.2347 9.7368
2600 1500 21.4375 30.3628 30.0680 15.3650 40.6315 11.4724
2600 1600 26.8125 37.4123 37.6070 19.1847 50.8191 14.4536
2600 1650 31.3750 39.0553 44.0063 22.5623 59.4666 16.9131
2600 1700 37.2500 44.5438 52.0980 26.7871 70.0200 20.0801
2600 1750 43.2500 47.2308 60.6620 31.1018 81.4203 23.3145
2600 1800 53.0000 51.2118 74.1260 38.1132 99.6258 28.5703
2600 1900 79.5000 64.7287 111.1890 57.1697 149.4387 42.8555
2600 200 9.4688 16.5891 13.6582 6.6609 18.9199 4.9193
2600 300 9.3438 16.1268 13.5151 6.5504 18.8109 4.8179
2600 800 10.3438 17.4961 14.7967 7.3263 20.3274 5.4547
2600 900 11.1562 19.5779 15.9145 7.9018 21.8240 5.8832
2650 0 11.8750 20.7182 17.1764 8.3250 23.9068 6.1230
2650 100 12.0938 20.8232 17.5893 8.4326 24.5592 6.2358
2650 1100 15.5000 26.4800 21.9873 11.0725 29.9436 8.2344
2650 1200 16.6250 28.5273 23.4506 11.8554 31.8146 8.8970
2650 1300 18.8125 30.7085 26.3862 13.4836 35.7766 10.0676
2650 1400 20.7500 33.4901 29.1038 14.9217 39.3285 11.1855
2650 1500 24.8125 35.7525 34.8018 17.8431 47.0284 13.3755
2650 1600 30.7500 42.2304 43.1297 22.1128 58.0852 16.5762
2650 1650 35.1250 44.8159 49.1260 25.1325 66.0256 18.9346
2650 1700 39.1250 51.5865 54.8763 28.1354 74.1555 21.0908
2650 1750 46.8750 49.2081 65.7464 33.5398 88.2445 25.2686
2650 1800 56.8750 59.2999 79.7723 40.8997 107.0701 30.6592
2650 1900 81.2500 66.6789 113.3127 58.4282 152.4993 43.7988
2650 200 11.8438 20.1190 17.1784 8.3031 23.8743 6.1069
2650 300 11.3750 19.9982 16.4986 7.9314 22.9294 5.8652
2650 400 11.5938 20.6143 16.8158 8.1278 23.3703 5.9780
2700 1000 16.9062 29.8630 24.1169 11.9336 33.1789 8.8494
2700 100 14.9375 25.1514 21.6657 10.4154 30.2962 7.7021
2700 1100 19.0000 34.0447 26.9522 13.5728 36.9459 10.0938
2700 1500 28.7500 45.1347 40.3245 20.5711 54.4913 15.4980
2700 1600 34.7500 50.1617 48.7400 24.8642 65.8634 18.7324
2700 1700 43.2500 59.7057 60.6620 30.9460 81.4203 23.3145
2700 1750 50.0000 65.1116 70.1295 35.9558 94.7675 26.9531
2700 1800 59.2500 66.8190 83.1035 42.6076 111.5411 31.9395
2700 1900 86.0000 74.0390 120.2800 61.8440 161.6570 46.3594
2700 200 14.8125 24.8476 21.4844 10.3843 29.9506 7.6377
2700 300 14.0625 24.2998 20.4526 9.8585 28.5572 7.2510
2700 400 14.1875 24.3603 20.5779 9.8925 28.7750 7.3154
2700 500 14.0000 24.7740 20.2501 9.7617 28.1848 7.2188
2700 600 14.4375 25.4175 20.8829 10.0668 29.0656 7.4443
2700 700 14.8125 26.3067 21.4253 10.4200 29.7283 7.6956
2700 800 15.2500 26.2064 21.9366 10.7278 30.4321 7.9229
2700 900 16.5000 29.0536 23.6689 11.6469 32.6765 8.6367
2750 0 18.3750 32.0089 26.7248 12.8123 37.3148 9.4746
2750 1000 21.1875 36.8232 30.3930 14.9557 41.9596 11.0903
2750 100 18.3750 31.9844 26.7248 12.8375 37.3148 9.4028
2750 1200 24.0625 40.6570 34.1335 17.1011 46.4851 12.7832
2750 1300 27.0000 46.2647 38.1928 19.2876 51.9148 14.3438
2750 1400 30.3750 52.8433 42.8458 21.8432 58.1274 16.3740
2750 1500 35.3750 49.1445 49.6166 25.3113 67.0480 19.0693
2750 1600 40.3750 63.3690 56.6296 29.0343 76.5247 21.7646
2750 200 18.3750 32.1892 26.7248 12.8123 37.3148 9.4746
2750 300 17.6875 30.6735 25.7249 12.3572 35.9186 9.0510
2750 400 17.3750 29.6526 25.2704 12.1389 35.2840 8.8911
2750 500 17.6250 31.3179 25.5637 12.3135 35.7470 9.0190
2750 600 18.0000 32.1297 26.1794 12.5755 36.5532 9.2109
2750 700 17.7500 30.7716 25.7450 12.3765 36.0005 9.1523
2750 800 18.8750 32.1999 27.2263 13.2323 37.9507 9.7324
2750 900 19.8125 36.1684 28.4996 13.9373 39.5367 10.2932
2800 1000 25.5000 45.2207 36.6809 17.9997 50.5672 13.3477
2800 1100 27.2500 47.8246 39.0895 19.2350 53.9658 14.2637
2800 1200 29.6250 50.7081 42.2603 21.0543 57.7660 15.7383
2800 1300 32.3750 55.4241 45.9251 23.0087 62.5435 17.1992
2800 1400 35.6250 59.3080 50.3933 25.5337 68.2723 19.0649
2800 1500 41.2500 68.1646 58.0213 29.5150 78.2981 22.2363
2800 1600 47.5000 79.8537 66.6230 34.1580 90.0291 25.6055
2800 1700 56.5000 87.2218 79.2464 40.4266 107.0872 30.4570
2800 1800 71.2500 97.1462 99.9346 51.2370 134.1317 38.4082
2800 1850 81.8750 102.8558 114.8371 58.8776 155.1817 44.1357
2800 1900 99.0000 116.2215 138.8564 71.1925 186.3725 53.3672
2800 200 21.9375 37.8879 31.9935 15.3264 44.8761 11.2258
2800 300 21.9375 37.5615 31.9935 15.2427 44.8761 11.2258
2800 400 22.3125 40.6934 32.4515 15.5884 45.3108 11.4177
2800 500 22.3125 38.4161 32.4515 15.5884 45.3108 11.4177
2800 600 22.1875 37.9570 32.2697 15.4164 45.0569 11.3538
2800 700 22.6250 39.2749 32.8158 15.7756 45.8879 11.6660
2800 800 22.9375 40.7241 33.2691 15.9935 46.2368 11.8271
2800 900 23.8125 41.0531 34.4433 16.6937 47.9394 12.2783
1000 300 0.0220 0.0209 0.0318 0.0161 0.0436 0.0120
1100 100 0.0239 0.0279 0.0335 0.0170 0.0448 0.0123
1100 200 0.0259 0.0291 0.0362 0.0183 0.0485 0.0137
1100 300 0.0308 0.0292 0.0430 0.0219 0.0584 0.0159
1100 850 0.2148 0.1529 0.3150 0.1498 0.4485 0.1108
1150 1050 0.6738 0.4601 1.0123 0.4606 1.4901 0.3369
1150 850 0.2207 0.1696 0.3219 0.1547 0.4542 0.1138
1200 0 0.0327 0.0435 0.0465 0.0239 0.0627 0.0179
1200 1000 0.4785 0.4106 0.7093 0.3301 1.0269 0.2411
1200 100 0.0337 0.0428 0.0469 0.0240 0.0634 0.0182
1200 1050 0.6309 0.5069 0.9452 0.4353 1.3824 0.3179
1200 1100 0.8711 0.5841 1.3016 0.5976 1.9121 0.4389
1200 500 0.0640 0.0581 0.0900 0.0457 0.1230 0.0340
1200 700 0.1250 0.1017 0.1793 0.0888 0.2475 0.0664
1200 800 0.1860 0.1459 0.2683 0.1313 0.3740 0.0974
1200 900 0.2861 0.1991 0.4173 0.1995 0.5906 0.1475
1250 100 0.0396 0.0523 0.0556 0.0284 0.0751 0.0213
1250 200 0.0415 0.0511 0.0584 0.0298 0.0793 0.0224
1250 300 0.0474 0.0555 0.0666 0.0341 0.0896 0.0255
1250 400 0.0566 0.0549 0.0797 0.0407 0.1075 0.0305
1250 500 0.0718 0.0699 0.1015 0.0516 0.1376 0.0387
1250 550 0.0815 0.0719 0.1150 0.0580 0.1571 0.0433
1250 800 0.2002 0.1642 0.2888 0.1413 0.4000 0.1048
1250 850 0.2500 0.1911 0.3596 0.1765 0.4989 0.1309
1300 1000 0.5371 0.3927 0.7833 0.3745 1.1054 0.2769
1300 1050 0.6797 0.4728 1.0021 0.4706 1.4388 0.3452
1300 1100 0.8438 0.6939 1.2709 0.5768 1.8627 0.4219
1300 1200 1.6016 1.1985 2.4187 1.0909 3.5774 0.7945
1300 1250 1.9688 1.1809 2.9575 1.3458 4.3420 0.9844
1300 1275 2.4844 1.2124 3.5836 1.7536 5.0262 1.3004
1300 200 0.0503 0.0642 0.0699 0.0358 0.0949 0.0271
1300 300 0.0562 0.0680 0.0790 0.0404 0.1066 0.0303
1300 400 0.0679 0.0692 0.0947 0.0486 0.1274 0.0363
1300 500 0.0806 0.0736 0.1133 0.0575 0.1540 0.0431
1300 600 0.1064 0.0993 0.1501 0.0760 0.2051 0.0565
1300 650 0.1299 0.1081 0.1842 0.0923 0.2509 0.0690
1300 700 0.1514 0.1367 0.2159 0.1076 0.2961 0.0804
1300 750 0.1782 0.1715 0.2549 0.1262 0.3525 0.0940
1300 800 0.2188 0.1882 0.3155 0.1544 0.4371 0.1145
1300 900 0.3311 0.2526 0.4788 0.2337 0.6665 0.1733
1350 0 0.0581 0.0777 0.0817 0.0418 0.1103 0.0313
1350 1000 0.5430 0.4398 0.7897 0.3806 1.1094 0.2800
1350 100 0.0562 0.0782 0.0790 0.0404 0.1066 0.0303
1350 1050 0.6777 0.5027 0.9938 0.4726 1.4065 0.3495
1350 1100 0.8789 0.7373 1.2993 0.6085 1.8626 0.4463
1350 1150 1.2070 0.9201 1.7892 0.8328 2.5902 0.6082
1350 1250 2.0469 1.2516 3.1157 1.3891 4.6335 1.0074
1350 1300 2.8906 1.6970 4.3078 2.0014 6.2513 1.4679
1350 1325 2.9609 1.2928 4.3064 2.0646 6.0863 1.5267
1350 200 0.0591 0.0703 0.0826 0.0425 0.1118 0.0318
1350 300 0.0659 0.0871 0.0925 0.0474 0.1249 0.0355
1350 500 0.0908 0.0905 0.1277 0.0650 0.1724 0.0490
1350 750 0.2012 0.1944 0.2854 0.1430 0.3912 0.1069
1350 850 0.2988 0.2469 0.4275 0.2117 0.5910 0.1576
1350 950 0.4355 0.3389 0.6300 0.3058 0.8796 0.2280
1400 0 0.0693 0.0964 0.0972 0.0499 0.1314 0.0374
1400 100 0.0693 0.0954 0.0975 0.0499 0.1316 0.0374
1400 1200 1.6250 1.2520 2.4152 1.1251 3.4908 0.8252
1400 1375 3.4219 1.9543 5.0177 2.3989 7.1012 1.7644
1400 300 0.0757 0.0993 0.1055 0.0540 0.1425 0.0405
1450 0 0.0825 0.1197 0.1157 0.0591 0.1564 0.0442
1450 100 0.0830 0.1210 0.1164 0.0594 0.1573 0.0447
1450 1200 1.4102 0.9096 2.1409 0.9488 3.1306 0.6720
1450 1250 1.9219 1.3431 2.8795 1.3166 4.1881 0.9534
1450 1300 2.7812 2.8859 4.1781 1.9081 6.1339 1.4015
1450 1350 3.8125 2.7757 5.7425 2.6211 8.4622 1.9062
1450 1425 5.7188 2.8367 8.2490 4.0367 11.5697 2.9934
1450 200 0.0845 0.1174 0.1192 0.0607 0.1606 0.0455
1450 300 0.0889 0.1196 0.1246 0.0639 0.1684 0.0479
1450 400 0.1030 0.1272 0.1445 0.0738 0.1953 0.0551
1450 500 0.1206 0.1506 0.1692 0.0864 0.2286 0.0645
1450 550 0.1328 0.1551 0.1873 0.0952 0.2525 0.0711
1450 650 0.1719 0.1818 0.2418 0.1232 0.3262 0.0920
1450 700 0.2031 0.1803 0.2865 0.1456 0.3887 0.1087
1450 750 0.2334 0.2261 0.3302 0.1667 0.4503 0.1240
1500 0 0.1030 0.1509 0.1453 0.0741 0.1958 0.0555
1500 1000 0.6738 0.4891 0.9693 0.4756 1.3447 0.3527
1500 100 0.0991 0.1411 0.1390 0.0710 0.1879 0.0530
1500 1100 0.9492 0.8663 1.3957 0.6572 1.9722 0.4820
1500 1150 1.2773 0.7608 1.8629 0.8906 2.6130 0.6586
1500 1250 2.2656 1.8391 3.2951 1.5853 4.6570 1.1771
1500 1300 2.9453 2.1623 4.3541 2.0393 6.2597 1.4957
1500 1350 3.3594 2.7688 5.0868 2.2932 7.5108 1.6534
1500 1400 5.2031 4.0191 7.8578 3.5568 11.5910 2.6016
1500 1450 7.0312 3.7719 10.4786 4.8413 15.2484 3.5706
1500 200 0.1030 0.1504 0.1453 0.0741 0.1958 0.0555
1500 300 0.1094 0.1465 0.1534 0.0783 0.2073 0.0590
1500 400 0.1211 0.1628 0.1698 0.0866 0.2295 0.0653
1500 700 0.2217 0.2364 0.3127 0.1589 0.4242 0.1186
1500 800 0.3057 0.2901 0.4312 0.2184 0.5888 0.1624
1500 950 0.5332 0.5352 0.7606 0.3777 1.0464 0.2812
1550 0 0.1260 0.1989 0.1772 0.0906 0.2391 0.0679
1550 1000 0.7090 0.5660 1.0114 0.5039 1.3914 0.3766
1550 100 0.1216 0.1810 0.1710 0.0870 0.2308 0.0655
1550 1050 0.9023 0.6182 1.2944 0.6391 1.7757 0.4758
1550 1450 7.2500 4.7322 10.8046 5.0198 15.7667 3.6816
1550 1500 7.0000 3.6870 10.8505 4.6294 16.1905 3.2539
1550 1525 7.8438 3.3825 11.7207 5.3926 16.8858 3.9219
1550 200 0.1216 0.1850 0.1715 0.0874 0.2319 0.0655
1550 300 0.1284 0.1870 0.1801 0.0920 0.2434 0.0687
1550 400 0.1372 0.1905 0.1924 0.0982 0.2601 0.0740
1550 500 0.1587 0.2029 0.2232 0.1141 0.3012 0.0855
1550 600 0.2002 0.2367 0.2808 0.1435 0.3782 0.1071
1550 650 0.2148 0.2531 0.3022 0.1537 0.4078 0.1158
1550 700 0.2471 0.2483 0.3485 0.1777 0.4712 0.1332
1550 750 0.2832 0.2907 0.3995 0.2030 0.5383 0.1516
1550 800 0.3398 0.3197 0.4780 0.2432 0.6472 0.1832
1550 850 0.3906 0.3917 0.5510 0.2786 0.7500 0.2090
1550 900 0.4492 0.4636 0.6372 0.3209 0.8735 0.2386
1550 950 0.5527 0.5213 0.7863 0.3915 1.0763 0.2915
1600 0 0.1519 0.2421 0.2130 0.1088 0.2878 0.0813
1600 100 0.1484 0.2346 0.2088 0.1064 0.2818 0.0794
1600 1350 3.6406 3.1682 5.3675 2.5207 7.7067 1.8488
1600 1400 4.7969 3.8220 7.1105 3.3213 10.2645 2.4359
1600 1450 5.8125 4.4597 8.7086 3.9734 12.7365 2.9062
1600 1500 7.7500 6.8938 11.6733 5.3281 17.2483 3.8750
1600 1550 11.6562 8.0988 17.3247 8.0706 25.1107 5.9192
1600 200 0.1465 0.2339 0.2060 0.1050 0.2780 0.0784
1600 300 0.1538 0.2200 0.2163 0.1102 0.2919 0.0823
1600 400 0.1650 0.2393 0.2315 0.1183 0.3128 0.0883
1600 500 0.1865 0.2267 0.2616 0.1335 0.3535 0.1005
1600 600 0.2217 0.2792 0.3109 0.1586 0.4202 0.1195
1600 650 0.2480 0.3210 0.3479 0.1775 0.4701 0.1337
1600 700 0.2812 0.2947 0.3956 0.2023 0.5339 0.1516
1600 750 0.3174 0.2879 0.4477 0.2275 0.6033 0.1698
1600 800 0.3545 0.3106 0.5000 0.2541 0.6784 0.1897
1600 850 0.4355 0.4199 0.6109 0.3106 0.8255 0.2331
1650 0 0.1831 0.3014 0.2583 0.1312 0.3481 0.0980
1650 1000 0.7969 0.7750 1.1272 0.5663 1.5373 0.4233
1650 100 0.1821 0.3043 0.2569 0.1305 0.3462 0.0975
1650 1150 1.4648 1.4225 2.1013 1.0340 2.9010 0.7668
1650 1200 1.8750 1.6284 2.6822 1.3280 3.6965 0.9888
1650 1300 3.0625 2.2410 4.3931 2.1691 6.1034 1.6150
1650 1350 3.8281 3.0443 5.5829 2.6837 7.8783 1.9739
1650 1400 4.9688 3.8312 7.2860 3.4645 10.3725 2.5620
1650 1450 5.1406 5.0891 7.7839 3.4887 11.4933 2.5302
1650 1500 8.1562 5.6789 12.2852 5.5676 18.1035 4.0144
1650 1550 10.7812 8.2143 16.2390 7.3700 23.9299 5.3906
1650 1600 11.7188 7.8714 17.4643 8.0853 25.3430 5.9052
1650 1625 12.6875 4.7962 18.8068 8.7846 26.9173 6.4429
1650 200 0.1899 0.2959 0.2664 0.1361 0.3600 0.1016
1650 300 0.1851 0.2825 0.2596 0.1326 0.3508 0.0990
1650 400 0.1943 0.2956 0.2733 0.1393 0.3689 0.1040
1650 800 0.4043 0.4343 0.5703 0.2893 0.7685 0.2179
1650 850 0.4707 0.5066 0.6621 0.3374 0.8935 0.2519
1650 900 0.5391 0.5203 0.7604 0.3864 1.0316 0.2885
1700 0 0.2266 0.3755 0.3187 0.1624 0.4300 0.1212
1700 100 0.2197 0.3598 0.3099 0.1575 0.4191 0.1176
1700 1150 1.6484 1.5220 2.3252 1.1715 3.1755 0.8757
1700 1350 3.8281 2.5649 5.5677 2.6692 7.8214 1.9739
1700 1450 6.7812 5.2486 9.9979 4.7213 14.3549 3.4436
1700 1500 8.1250 7.7784 12.0438 5.6256 17.3860 4.1260
1700 1550 11.0938 8.6220 16.6655 7.6270 24.4665 5.5469
1700 1600 13.2500 6.8434 20.0631 8.9921 29.5451 6.5215
1700 1650 17.8125 8.7736 26.6877 12.2026 39.0311 8.8367
1700 1675 16.4375 10.6194 24.1034 11.4839 34.3141 8.4114
1700 200 0.2246 0.3557 0.3168 0.1610 0.4270 0.1202
1700 300 0.2314 0.3728 0.3255 0.1664 0.4393 0.1248
1700 400 0.2412 0.3345 0.3383 0.1729 0.4572 0.1291
1700 500 0.2607 0.3650 0.3668 0.1875 0.4949 0.1406
1700 600 0.2959 0.4191 0.4162 0.2128 0.5617 0.1595
1700 750 0.3906 0.4923 0.5479 0.2786 0.7404 0.2090
1700 800 0.4434 0.4988 0.6219 0.3178 0.8403 0.2373
1750 0 0.2832 0.4629 0.3995 0.2020 0.5383 0.1516
1750 1000 0.9336 0.9168 1.3169 0.6680 1.7747 0.5033
1750 100 0.2773 0.4606 0.3912 0.1988 0.5272 0.1484
1750 1150 1.6172 1.1421 2.3069 1.1493 3.1738 0.8591
1750 1300 3.2969 2.3731 4.7162 2.3272 6.5204 1.7257
1750 1350 3.9531 3.1870 5.7337 2.7713 8.0177 2.0383
1750 200 0.2725 0.4474 0.3843 0.1949 0.5179 0.1469
1750 300 0.2744 0.4464 0.3871 0.1973 0.5216 0.1479
1750 400 0.2930 0.4878 0.4109 0.2100 0.5553 0.1568
1750 500 0.3096 0.4940 0.4342 0.2219 0.5867 0.1657
1750 950 0.7773 0.7902 1.0965 0.5572 1.4777 0.4160
1800 0 0.3496 0.5560 0.4918 0.2506 0.6636 0.1871
1800 1000 1.0039 0.9314 1.4081 0.7183 1.9028 0.5412
1800 100 0.3389 0.5212 0.4780 0.2429 0.6442 0.1813
1800 1050 1.1992 0.9673 1.6868 0.8595 2.2763 0.6418
1800 1100 1.4258 1.4516 2.0112 1.0202 2.7103 0.7686
1800 1150 1.8203 1.6005 2.5604 1.2981 3.4784 0.9742
1800 1300 3.7656 2.5687 5.3417 2.6762 7.3223 2.0005
1800 1350 4.3125 3.4772 6.1862 3.0337 8.5946 2.2405
1800 1500 8.8750 5.6369 13.0140 6.1449 18.5270 4.5068
1800 1550 11.4688 8.3623 16.8631 7.9968 24.1100 5.9136
1800 1600 13.0625 9.2251 19.7792 8.9167 29.0491 6.4292
1800 1650 18.1875 17.9868 27.1045 12.5228 39.5526 9.2358
1800 1700 23.7500 16.5632 35.5836 16.3861 51.8984 11.9678
1800 1750 33.7500 21.4248 50.4316 23.1547 73.6757 17.0068
1800 200 0.3389 0.5539 0.4780 0.2425 0.6442 0.1827
1800 300 0.3389 0.5728 0.4766 0.2437 0.6432 0.1827
1800 400 0.3525 0.5525 0.4945 0.2527 0.6682 0.1887
1800 500 0.3799 0.5890 0.5328 0.2723 0.7200 0.2033
1850 0 0.4277 0.7354 0.5999 0.3050 0.8134 0.2289
1850 1000 1.0977 1.2028 1.5396 0.7854 2.0804 0.5917
1850 100 0.4238 0.6938 0.5978 0.3038 0.8057 0.2268
1850 1050 1.2773 1.2208 1.7916 0.9140 2.4210 0.6886
1850 1100 1.5391 1.5220 2.1587 1.1012 2.9171 0.8297
1850 1200 2.1953 1.8262 3.0966 1.5602 4.2151 1.1663
1850 1250 2.8047 2.4423 3.9785 2.0035 5.4182 1.4900
1850 1350 4.3125 3.0040 6.1690 3.0545 8.4749 2.2742
1850 1400 5.8125 4.0952 8.2916 4.1309 11.4071 3.0879
1850 1450 7.2812 5.3479 10.4448 5.1396 14.5111 3.8113
1850 1500 9.0938 7.6344 13.0810 6.4190 18.1470 4.7600
1850 1550 11.7188 8.1738 16.9971 8.2283 23.7679 6.1340
1850 1600 14.6875 9.7467 21.7714 10.1694 31.2498 7.4585
1850 1650 19.8125 13.5980 29.3683 13.7178 42.2746 10.0610
1850 1700 24.2500 16.4742 36.3327 16.6719 53.1371 12.1250
1850 1750 32.2500 23.1186 48.9615 21.9662 72.7472 15.9990
1850 1800 36.3750 15.7110 54.2091 25.1854 78.6646 18.4717
1850 1825 38.5000 17.3134 56.4551 26.6567 80.3707 19.5508
1850 300 0.4199 0.7209 0.5923 0.3020 0.7982 0.2264
1850 400 0.4395 0.7181 0.6164 0.3150 0.8329 0.2352
1850 500 0.4551 0.6903 0.6419 0.3273 0.8680 0.2453
1850 850 0.7168 0.8848 1.0054 0.5138 1.3586 0.3836
1850 900 0.8281 1.0128 1.1648 0.5925 1.5719 0.4464
1900 0 0.5254 0.8892 0.7411 0.3766 1.0054 0.2812
1900 1000 1.2422 1.3164 1.7423 0.8888 2.3464 0.6696
1900 100 0.5098 0.8371 0.7191 0.3654 0.9755 0.2728
1900 1050 1.3633 1.4310 1.9176 0.9754 2.5877 0.7349
1900 1100 1.6172 1.6111 2.2683 1.1629 3.0444 0.8718
1900 1300 3.7188 3.1454 5.2604 2.6565 7.1739 1.9756
1900 1550 11.9688 8.7753 17.1689 8.4484 23.8531 6.2649
1900 200 0.5176 0.8114 0.7260 0.3691 0.9843 0.2770
1900 300 0.5293 0.8865 0.7445 0.3794 1.0047 0.2833
1900 400 0.5312 0.8741 0.7451 0.3808 1.0069 0.2843
1900 800 0.7637 1.0891 1.0711 0.5474 1.4474 0.4087
1900 950 1.0312 1.3015 1.4505 0.7416 1.9575 0.5559
1950 100 0.6465 1.0725 0.9119 0.4634 1.2289 0.3460
1950 1050 1.5469 1.7053 2.1696 1.1068 2.9319 0.8339
1950 1100 1.8203 1.9338 2.5532 1.3090 3.4501 0.9813
1950 1250 3.0781 2.7247 4.3296 2.2135 5.8427 1.6593
1950 1300 3.8906 3.2850 5.4880 2.7886 7.4453 2.0821
1950 1350 4.7344 3.6684 6.6781 3.3647 9.0901 2.5151
1950 1400 5.9688 4.9890 8.5145 4.2132 11.7138 3.1243
1950 1850 58.5000 42.0126 87.1816 40.3616 126.5122 29.4785
1950 1900 73.7500 29.3811 113.7300 48.5920 167.7012 33.9941
1950 200 0.6387 1.0759 0.9009 0.4578 1.2141 0.3418
1950 300 0.6348 1.0601 0.8928 0.4550 1.2049 0.3397
1950 400 0.6562 1.0528 0.9231 0.4704 1.2457 0.3512
1950 500 0.6875 1.1260 0.9643 0.4944 1.3031 0.3706
1950 600 0.7090 1.1499 0.9972 0.5073 1.3457 0.3822
2000 0 0.8164 1.4549 1.1451 0.5822 1.5526 0.4369
2000 1000 1.4844 2.0830 2.0879 1.0621 2.8175 0.8002
2000 100 0.7852 1.3105 1.1106 0.5627 1.5047 0.4202
2000 1050 1.6953 2.0240 2.3778 1.2191 3.2132 0.9139
2000 1100 1.9219 2.1258 2.6956 1.3751 3.6303 1.0360
2000 1150 2.3438 2.4225 3.2873 1.6854 4.4422 1.2634
2000 1200 2.7188 2.5821 3.8133 1.9551 5.1530 1.4656
2000 1250 3.2031 2.6114 4.4927 2.2958 6.0710 1.7142
2000 1350 5.0000 3.5963 7.0528 3.5837 9.5683 2.6758
2000 1400 6.2500 4.9896 8.8160 4.4569 11.9604 3.3447
2000 1550 12.3125 9.2122 17.6129 8.6910 24.1963 6.4448
2000 200 0.7852 1.3244 1.1075 0.5646 1.5025 0.4232
2000 300 0.7617 1.2967 1.0745 0.5460 1.4577 0.4076
2000 400 0.8008 1.3083 1.1296 0.5739 1.5222 0.4285
2050 0 0.9922 1.8261 1.3995 0.7075 1.8987 0.5310
2050 1000 1.6562 2.3708 2.3296 1.1851 3.1438 0.8928
2050 100 0.9805 1.6461 1.3830 0.6992 1.8763 0.5247
2050 1100 2.1719 2.6709 3.0463 1.5618 4.1165 1.1708
2050 1150 2.4609 2.9144 3.4615 1.7697 4.6712 1.3266
2050 1200 2.8359 2.8671 3.9890 2.0292 5.3830 1.5287
2050 1250 3.3906 2.7061 4.7557 2.4383 6.3830 1.8278
2050 1350 5.2031 4.3082 7.2979 3.7293 9.8617 2.7845
2050 1400 6.5000 4.6069 9.1427 4.6508 12.3379 3.5039
2050 1500 10.2188 8.5835 14.5364 7.2624 19.8981 5.4287
2050 1600 15.6875 14.5926 22.5034 11.1112 31.0674 8.2727
2050 1700 27.7500 18.9165 39.9174 19.5879 55.3764 14.5254
2050 1750 34.3750 22.9495 49.8583 24.2643 69.7193 17.9932
2050 1800 48.7500 31.3149 70.9024 34.1762 100.2067 25.1367
2050 1850 62.6250 36.2500 92.3305 43.5134 132.5680 32.0464
2050 1900 73.7500 54.8960 110.4963 50.7031 161.1580 36.8750
2050 200 0.9648 1.6559 1.3610 0.6915 1.8464 0.5163
2050 300 0.9414 1.4945 1.3279 0.6725 1.8015 0.5001
2050 400 0.9961 1.7842 1.4051 0.7139 1.9062 0.5331
2050 500 1.0000 1.7130 1.4066 0.7167 1.8981 0.5352
2100 0 1.2305 2.1942 1.7357 0.8790 2.3625 0.6537
2100 1000 1.9609 2.4987 2.7582 1.4101 3.7221 1.0571
2100 1150 2.7812 3.3757 3.9010 2.0000 5.2714 1.4993
2100 1250 3.7344 3.8892 5.2378 2.6854 7.0779 2.0131
2100 1300 4.4531 4.7537 6.2459 3.1917 8.4402 2.3831
2100 1350 5.4062 4.0962 7.5828 3.8877 10.1775 2.9143
2100 500 1.2266 2.0597 1.7301 0.8791 2.3472 0.6564
2100 600 1.2969 2.2060 1.8190 0.9295 2.4580 0.6940
2100 700 1.3906 2.3385 1.9505 0.9950 2.6357 0.7496
2100 800 1.4844 2.3179 2.0820 1.0621 2.8134 0.8002
2100 900 1.6406 2.4659 2.3077 1.1739 3.1141 0.8844
2150 0 1.4766 2.5845 2.0946 1.0548 2.8525 0.7844
2150 1000 2.2969 3.2493 3.2216 1.6434 4.3534 1.2382
2150 100 1.4688 2.6241 2.0776 1.0492 2.8334 0.7803
2150 1150 3.0234 3.8611 4.2527 2.1742 5.7389 1.6298
2150 1200 3.6094 4.7069 5.0481 2.5826 6.7847 1.9457
2150 1300 4.7344 4.4379 6.6215 3.4046 8.8994 2.5521
2150 1350 5.5938 5.2199 7.8457 4.0226 10.5305 3.0154
2150 1400 6.7500 6.2121 9.4944 4.8540 12.8124 3.6387
2150 1450 8.4375 6.7893 11.8344 6.0675 15.9920 4.5483
2150 1600 16.6875 14.0622 23.6718 11.9208 32.2377 8.8652
2150 1650 21.2500 15.7983 30.4827 14.9998 42.0834 11.1230
2150 1800 43.1250 36.4243 62.5495 30.2328 87.4660 22.2363
2150 1850 57.5000 35.8108 84.3161 39.9524 119.3269 29.4238
2150 200 1.4648 2.6130 2.0663 1.0464 2.8032 0.7782
2150 300 1.4414 2.5587 2.0332 1.0331 2.7584 0.7714
2150 400 1.5234 2.6351 2.1489 1.0864 2.9153 0.8153
2150 500 1.5117 2.5778 2.1263 1.0780 2.8887 0.8090
2150 600 1.5625 2.5884 2.2040 1.1180 2.9702 0.8423
2200 0 1.8516 3.2597 2.6265 1.3227 3.5769 0.9836
2200 1000 2.6562 3.8332 3.7256 1.9006 5.0345 1.4319
2200 1100 3.2031 4.6737 4.5054 2.3034 6.0800 1.7267
2200 1200 3.9219 4.9918 5.5164 2.8203 7.4443 2.1141
2200 1250 4.5781 5.4367 6.4212 3.2757 8.6771 2.4679
2200 1300 5.1562 5.8475 7.2321 3.7079 9.7069 2.7795
2200 1350 6.1562 5.3647 8.6347 4.4049 11.6682 3.3186
2200 1400 7.1875 6.6873 10.0811 5.1686 13.6228 3.8745
2200 1450 8.9062 7.6979 12.4918 6.4046 16.7665 4.8010
2200 1550 13.6875 10.5231 19.1980 9.8429 25.7674 7.3784
2200 1650 21.6875 15.7590 30.7645 15.4132 42.0344 11.5215
2200 1700 28.1250 19.1651 40.0084 19.9204 54.7654 14.8315
2200 500 1.8359 3.0580 2.5970 1.3159 3.5184 0.9825
2200 600 1.9609 3.3872 2.7582 1.4055 3.7346 1.0494
2200 800 2.1641 3.5687 3.0353 1.5511 4.1017 1.1581
2250 0 2.2734 4.0337 3.2249 1.6157 4.4207 1.2078
2250 100 2.2188 3.9232 3.1474 1.5769 4.3144 1.1787
2250 1250 5.0000 6.6457 7.0130 3.5776 9.4767 2.6953
2250 1300 5.6719 7.2374 7.9553 4.0583 10.7502 3.0575
2250 1350 6.6250 8.1275 9.2922 4.7641 12.5567 3.5713
2250 1400 7.5312 7.6932 10.5933 5.4158 14.2953 4.0598
2250 1450 9.3125 8.9714 13.0616 6.6632 17.5312 5.0200
2250 1550 14.0625 11.5463 19.7800 10.1126 26.6925 7.5806
2250 1650 22.6250 16.4083 31.8238 16.2161 42.9453 12.1079
2250 1700 27.1250 18.3298 38.4777 19.2776 52.4013 14.4102
2250 1750 38.3750 25.7767 54.4363 27.2729 74.1346 20.3867
2250 1800 47.5000 44.5892 67.7591 33.6434 93.2197 25.0488
2250 200 2.2266 3.8796 3.1585 1.5906 4.3296 1.1829
2250 300 2.2422 3.9219 3.1717 1.5935 4.3255 1.1912
2250 400 2.2188 3.8858 3.1385 1.5850 4.2802 1.1787
2250 500 2.3516 3.4373 3.3170 1.6769 4.5001 1.2585
2250 600 2.3672 3.6383 3.3391 1.6881 4.5300 1.2668
2250 700 2.5000 4.0268 3.5264 1.7918 4.7842 1.3379
2300 0 2.8125 4.7032 3.9896 1.9988 5.4690 1.4941
2300 1000 3.7344 6.3887 5.2527 2.6854 7.0884 2.0131
2300 100 2.7812 4.8398 3.9564 1.9766 5.4157 1.4775
2300 1100 4.3594 6.9566 6.1318 3.1349 8.2747 2.3500
2300 1200 5.0781 7.7831 7.1428 3.6518 9.6390 2.7374
2300 1300 6.4062 8.0968 9.0109 4.6068 12.1599 3.4534
2300 1350 7.2500 9.2934 10.1688 5.1875 13.6949 3.9082
2300 1400 8.5000 10.3721 11.9220 6.1125 16.0017 4.5820
2300 1450 10.0000 10.2857 14.0259 7.1912 18.8255 5.3906
2300 1500 11.5625 10.5950 16.2175 8.3148 21.7670 6.2329
2300 1550 14.8125 12.6563 20.6578 10.5986 27.8018 7.9849
2300 300 2.7422 4.7885 3.8899 1.9489 5.3322 1.4568
2350 0 3.4219 5.9484 4.8813 2.4237 6.6723 1.8045
2350 100 3.3594 5.9080 4.8056 2.3794 6.6018 1.7715
2350 1400 9.2188 11.9862 12.9301 6.6294 17.3548 4.9695
2350 1450 10.9062 12.4854 15.2970 7.8429 20.6712 5.8792
2350 1500 12.8125 13.2833 17.9196 9.1675 24.0841 6.9067
2350 1600 18.3125 16.1061 25.6119 13.1688 34.4226 9.8716
2350 1650 22.5625 19.2226 31.7359 16.1714 42.8267 12.0745
2350 1800 46.1250 32.6186 65.7976 32.7301 89.9395 24.1436
2350 300 3.3438 6.0578 4.7699 2.3764 6.5200 1.7764
2350 400 3.3125 5.7359 4.6989 2.3542 6.4412 1.7598
2350 500 3.4062 5.5903 4.8319 2.4208 6.6019 1.8096
2350 600 3.5469 6.1450 5.0314 2.5337 6.8520 1.8843
2350 800 3.8750 6.5815 5.4659 2.7774 7.4154 2.0737
2350 900 4.2031 7.1326 5.9288 3.0225 8.0166 2.2657
2400 1000 5.4844 8.6237 7.6923 3.9308 10.3948 2.9350
2400 1100 6.0781 10.0058 8.5251 4.3490 11.5202 3.2765
2400 1200 6.9062 10.7929 9.6866 4.9664 13.0898 3.7229
2400 1650 23.3125 16.7537 32.6979 16.7644 43.8870 12.5669
2400 1700 28.8750 22.1314 40.4998 20.6605 54.7282 15.5654
2400 1750 37.2500 27.0814 52.5434 26.6984 71.2838 19.9346
2400 400 4.0781 7.0042 5.8175 2.8885 7.9520 2.1506
2400 500 4.1094 7.0077 5.8457 2.9106 8.0018 2.1671
2400 600 4.2969 7.3692 6.0953 3.0538 8.3009 2.2827
2400 700 4.5156 7.9050 6.3696 3.2092 8.6989 2.3989
2400 800 4.6875 8.1946 6.6120 3.3485 8.9703 2.4902
2400 900 5.0781 8.3471 7.1630 3.6212 9.7178 2.7176
2450 0 5.3594 9.8778 7.6452 3.8030 10.5179 2.8053
2450 1000 6.4688 10.6676 9.1246 4.6364 12.3790 3.4618
2450 100 5.1562 9.3399 7.3965 3.6397 10.1467 2.6990
2450 1100 7.3438 12.2491 10.3588 5.2810 13.9599 3.9587
2450 1200 7.9375 12.5888 11.1331 5.6891 15.0443 4.2478
2450 1300 9.5312 14.8469 13.3684 6.8541 18.0650 5.1379
2450 1400 11.5625 15.6006 16.2175 8.3148 21.9150 6.2329
2450 1800 48.0000 35.4188 67.3243 34.3447 90.9768 25.8750
2450 500 5.0781 8.8057 7.2440 3.5967 9.9019 2.6779
2450 700 5.6875 9.5328 8.0679 4.0421 10.9874 3.0215
2450 800 5.7812 9.5847 8.1779 4.1299 11.1527 3.0713
2450 900 6.1719 10.6907 8.7058 4.4012 11.8109 3.3029
2500 0 6.3438 11.4075 9.1505 4.4779 12.6757 3.3206
2500 100 6.3125 11.4131 9.0551 4.4406 12.5012 3.2795
2500 1300 10.9688 17.4083 15.4284 7.8878 20.8202 5.9128
2500 1500 16.5625 22.5498 23.2304 11.9104 31.3917 8.9282
2500 1550 19.3750 26.7766 27.1752 13.8631 36.4744 10.4443
2500 1600 22.1250 25.3999 31.0323 15.9104 41.7930 11.9268
2500 1650 26.3750 26.2638 36.9933 18.9667 49.9898 14.2178
2500 1700 30.6250 30.8102 42.7102 22.0229 57.4805 16.5088
2500 1750 38.5000 32.0752 53.6928 27.6860 72.2612 20.7539
2500 1800 49.3750 39.7891 69.0561 35.5064 92.8118 26.6162
2500 200 6.1719 10.7572 8.8780 4.3566 12.2390 3.2306
2500 300 6.1562 10.9906 8.8310 4.3455 12.1918 3.2224
2500 400 6.2812 10.9113 8.9602 4.4338 12.3667 3.2878
2500 500 6.2812 10.8719 8.9853 4.4338 12.3438 3.2878
2500 600 6.6562 11.6928 9.4952 4.7145 13.0630 3.5101
2500 700 6.6562 11.7039 9.4421 4.7145 12.9432 3.5101
2500 800 7.0938 11.9763 10.0627 5.0415 13.7040 3.7686
2500 900 7.4062 12.8979 10.4470 5.2636 14.2674 3.9346
2550 0 7.8438 13.3286 11.2830 5.5178 15.6035 4.0751
2550 1000 9.7812 16.8675 13.8361 6.9873 18.8071 5.1963
2550 100 7.7500 13.5631 11.1481 5.4518 15.4170 4.0264
2550 1100 10.4688 17.1376 14.7668 7.5033 20.0336 5.6024
2550 1200 11.7812 20.1922 16.5712 8.4297 22.3624 6.3508
2550 1300 13.3125 20.3019 18.6720 9.5253 25.2318 7.1763
2550 1400 15.4375 21.5473 21.6525 11.0458 29.2595 8.3218
2550 1500 18.6875 25.9929 26.2109 13.4385 35.4193 10.0737
2550 1550 21.3750 28.9245 29.9804 15.3711 40.5131 11.5225
2550 1600 24.4375 30.3828 34.2758 17.5734 46.1612 13.1733
2550 1650 28.3750 35.1069 39.7985 20.3027 53.4174 15.2959
2550 1700 35.2500 30.9421 49.4413 25.3488 66.3599 19.0020
2550 1750 40.6250 39.6286 56.9802 29.2141 76.4786 21.8994
2550 1800 50.2500 36.2243 70.4802 36.3165 94.5982 27.0879
2550 1850 62.2500 51.1666 87.3112 44.7650 117.1888 33.5566
2550 200 7.5000 13.3171 10.8184 5.2579 14.9861 3.8672
2550 300 7.4688 13.3329 10.7733 5.2540 14.9236 3.8802
2550 400 7.5938 13.3397 10.8931 5.3602 15.0386 3.9749
2550 500 7.6562 13.3853 11.0132 5.4043 15.1825 4.0076
2600 0 9.7812 16.9771 14.1090 6.8807 19.5444 5.0817
2600 1000 11.6875 19.8239 16.5791 8.3062 22.6525 6.2090
2600 100 9.8750 16.9109 14.2442 6.9467 19.7317 5.1304
2600 1100 12.6250 22.0399 17.8083 9.0187 24.3208 6.7070
2600 1200 14.3125 24.2338 20.0746 10.2063 27.2188 7.6594
2600 1300 15.8750 26.2175 22.2661 11.3588 30.0887 8.5576
2600 1400 18.0625 28.2646 25.3343 12.9240 34.2347 9.7368
2600 1500 21.4375 30.3628 30.0680 15.3650 40.6315 11.4724
2600 1600 26.8125 37.4123 37.6070 19.1847 50.8191 14.4536
2600 1650 31.3750 39.0553 44.0063 22.5623 59.4666 16.9131
2600 1700 37.2500 44.5438 52.0980 26.7871 70.0200 20.0801
2600 1750 43.2500 47.2308 60.6620 31.1018 81.4203 23.3145
2600 1800 53.0000 51.2118 74.1260 38.1132 99.6258 28.5703
2600 1900 79.5000 64.7287 111.1890 57.1697 149.4387 42.8555
2600 200 9.4688 16.5891 13.6582 6.6609 18.9199 4.9193
2600 300 9.3438 16.1268 13.5151 6.5504 18.8109 4.8179
2600 800 10.3438 17.4961 14.7967 7.3263 20.3274 5.4547
2600 900 11.1562 19.5779 15.9145 7.9018 21.8240 5.8832
2650 0 11.8750 20.7182 17.1764 8.3250 23.9068 6.1230
2650 100 12.0938 20.8232 17.5893 8.4326 24.5592 6.2358
2650 1100 15.5000 26.4800 21.9873 11.0725 29.9436 8.2344
2650 1200 16.6250 28.5273 23.4506 11.8554 31.8146 8.8970
2650 1300 18.8125 30.7085 26.3862 13.4836 35.7766 10.0676
2650 1400 20.7500 33.4901 29.1038 14.9217 39.3285 11.1855
2650 1500 24.8125 35.7525 34.8018 17.8431 47.0284 13.3755
2650 1600 30.7500 42.2304 43.1297 22.1128 58.0852 16.5762
2650 1650 35.1250 44.8159 49.1260 25.1325 66.0256 18.9346
2650 1700 39.1250 51.5865 54.8763 28.1354 74.1555 21.0908
2650 1750 46.8750 49.2081 65.7464 33.5398 88.2445 25.2686
2650 1800 56.8750 59.2999 79.7723 40.8997 107.0701 30.6592
2650 1850 65.6250 61.0296 91.7834 47.1920 123.3574 35.3760
2650 1900 81.2500 66.6789 113.3127 58.4282 152.4993 43.7988
2650 200 11.8438 20.1190 17.1784 8.3031 23.8743 6.1069
2650 300 11.3750 19.9982 16.4986 7.9314 22.9294 5.8652
2650 400 11.5938 20.6143 16.8158 8.1278 23.3703 5.9780
2700 1000 16.9062 29.8630 24.1169 11.9336 33.1789 8.8494
2700 100 14.9375 25.1514 21.6657 10.4154 30.2962 7.7021
2700 1100 19.0000 34.0447 26.9522 13.5728 36.9459 10.0938
2700 1500 28.7500 45.1347 40.3245 20.5711 54.4913 15.4980
2700 1600 34.7500 50.1617 48.7400 24.8642 65.8634 18.7324
2700 1700 43.2500 59.7057 60.6620 30.9460 81.4203 23.3145
2700 1750 50.0000 65.1116 70.1295 35.9558 94.7675 26.9531
2700 1800 59.2500 66.8190 83.1035 42.6076 111.5411 31.9395
2700 1900 86.0000 74.0390 120.2800 61.8440 161.6570 46.3594
2700 200 14.8125 24.8476 21.4844 10.3843 29.9506 7.6377
2700 300 14.0625 24.2998 20.4526 9.8585 28.5572 7.2510
2700 400 14.1875 24.3603 20.5779 9.8925 28.7750 7.3154
2700 500 14.0000 24.7740 20.2501 9.7617 28.1848 7.2188
2700 600 14.4375 25.4175 20.8829 10.0668 29.0656 7.4443
2700 700 14.8125 26.3067 21.4253 10.4200 29.7283 7.6956
2700 800 15.2500 26.2064 21.9366 10.7278 30.4321 7.9229
2700 900 16.5000 29.0536 23.6689 11.6469 32.6765 8.6367
2750 0 18.3750 32.0089 26.7248 12.8123 37.3148 9.4746
2750 1000 21.1875 36.8232 30.3930 14.9557 41.9596 11.0903
2750 100 18.3750 31.9844 26.7248 12.8375 37.3148 9.4028
2750 1200 24.0625 40.6570 34.1335 17.1011 46.4851 12.7832
2750 1300 27.0000 46.2647 38.1928 19.2876 51.9148 14.3438
2750 1400 30.3750 52.8433 42.8458 21.8432 58.1274 16.3740
2750 1500 35.3750 49.1445 49.6166 25.3113 67.0480 19.0693
2750 1600 40.3750 63.3690 56.6296 29.0343 76.5247 21.7646
2750 200 18.3750 32.1892 26.7248 12.8123 37.3148 9.4746
2750 300 17.6875 30.6735 25.7249 12.3572 35.9186 9.0510
2750 400 17.3750 29.6526 25.2704 12.1389 35.2840 8.8911
2750 500 17.6250 31.3179 25.5637 12.3135 35.7470 9.0190
2750 600 18.0000 32.1297 26.1794 12.5755 36.5532 9.2109
2750 700 17.7500 30.7716 25.7450 12.3765 36.0005 9.1523
2750 800 18.8750 32.1999 27.2263 13.2323 37.9507 9.7324
2750 900 19.8125 36.1684 28.4996 13.9373 39.5367 10.2932
2800 1000 25.5000 45.2207 36.6809 17.9997 50.5672 13.3477
2800 1100 27.2500 47.8246 39.0895 19.2350 53.9658 14.2637
2800 1200 29.6250 50.7081 42.2603 21.0543 57.7660 15.7383
2800 1300 32.3750 55.4241 45.9251 23.0087 62.5435 17.1992
2800 1400 35.6250 59.3080 50.3933 25.5337 68.2723 19.0649
2800 1500 41.2500 68.1646 58.0213 29.5150 78.2981 22.2363
2800 1600 47.5000 79.8537 66.6230 34.1580 90.0291 25.6055
2800 1700 56.5000 87.2218 79.2464 40.4266 107.0872 30.4570
2800 1800 71.2500 97.1462 99.9346 51.2370 134.1317 38.4082
2800 1850 81.8750 102.8558 114.8371 58.8776 155.1817 44.1357
2800 1900 99.0000 116.2215 138.8564 71.1925 186.3725 53.3672
2800 200 21.9375 37.8879 31.9935 15.3264 44.8761 11.2258
2800 300 21.9375 37.5615 31.9935 15.2427 44.8761 11.2258
2800 400 22.3125 40.6934 32.4515 15.5884 45.3108 11.4177
2800 500 22.3125 38.4161 32.4515 15.5884 45.3108 11.4177
2800 600 22.1875 37.9570 32.2697 15.4164 45.0569 11.3538
2800 700 22.6250 39.2749 32.8158 15.7756 45.8879 11.6660
2800 800 22.9375 40.7241 33.2691 15.9935 46.2368 11.8271
2800 900 23.8125 41.0531 34.4433 16.6937 47.9394 12.2783
650 500 0.0200 0.0144 0.0293 0.0135 0.0426 0.0100
700 100 0.0054 0.0040 0.0085 0.0039 0.0109 0.0030
700 300 0.0083 0.0056 0.0117 0.0059 0.0164 0.0044
700 400 0.0122 0.0076 0.0180 0.0086 0.0249 0.0065
700 500 0.0200 0.0138 0.0299 0.0137 0.0430 0.0103
700 550 0.0283 0.0214 0.0423 0.0193 0.0611 0.0146
700 600 0.0386 0.0258 0.0579 0.0264 0.0853 0.0196
700 650 0.0527 0.0281 0.0801 0.0360 0.1199 0.0260
700 675 0.0688 0.0241 0.1010 0.0480 0.1437 0.0355
750 500 0.0210 0.0147 0.0314 0.0150 0.0448 0.0108
750 550 0.0298 0.0213 0.0436 0.0208 0.0630 0.0154
750 700 0.0776 0.0388 0.1176 0.0531 0.1736 0.0388
800 400 0.0161 0.0115 0.0225 0.0112 0.0312 0.0083
800 550 0.0308 0.0205 0.0450 0.0214 0.0636 0.0159
800 600 0.0391 0.0301 0.0581 0.0270 0.0842 0.0198
850 550 0.0337 0.0239 0.0493 0.0239 0.0696 0.0176
850 600 0.0435 0.0314 0.0632 0.0303 0.0899 0.0224
850 650 0.0542 0.0424 0.0814 0.0379 0.1176 0.0275
850 700 0.0747 0.0558 0.1119 0.0514 0.1632 0.0379
950 600 0.0493 0.0373 0.0709 0.0346 0.0996 0.0258
950 750 0.1069 0.0762 0.1594 0.0740 0.2300 0.0543
