150 100 0.0737 0.0399 0.1066 0.0522 0.1494 0.0389
150 110 0.0464 0.0285 0.0752 0.0285 0.1138 0.0185
150 120 0.0669 0.0406 0.0960 0.0476 0.1342 0.0353
150 130 0.0522 0.0317 0.0768 0.0371 0.1086 0.0273
150 140 0.0630 0.0500 0.0899 0.0447 0.1252 0.0330
150 70 0.0757 0.0482 0.1092 0.0536 0.1522 0.0399
150 80 0.0728 0.0465 0.1049 0.0519 0.1454 0.0389
150 90 0.0757 0.0400 0.1080 0.0536 0.1504 0.0399
175 105 0.0913 0.0594 0.1310 0.0647 0.1820 0.0482
175 115 0.0874 0.0559 0.1254 0.0615 0.1764 0.0454
175 125 0.0884 0.0465 0.1268 0.0624 0.1784 0.0463
175 135 0.0811 0.0460 0.1176 0.0570 0.1664 0.0421
175 145 0.0864 0.0495 0.1240 0.0606 0.1744 0.0456
175 155 0.0776 0.0511 0.1126 0.0540 0.1584 0.0403
175 165 0.0698 0.0493 0.1004 0.0495 0.1393 0.0368
175 95 0.0835 0.0527 0.1204 0.0591 0.1679 0.0440
200 120 0.1113 0.0682 0.1579 0.0794 0.2179 0.0596
200 130 0.1147 0.0654 0.1637 0.0815 0.2266 0.0610
200 140 0.1147 0.0635 0.1646 0.0815 0.2287 0.0610
200 150 0.1138 0.0684 0.1632 0.0806 0.2267 0.0600
200 160 0.1060 0.0646 0.1537 0.0750 0.2149 0.0559
200 170 0.1021 0.0588 0.1480 0.0723 0.2082 0.0538
200 180 0.1001 0.0579 0.1452 0.0709 0.2043 0.0528
200 190 0.0942 0.0734 0.1337 0.0672 0.1809 0.0504
225 145 0.1284 0.0624 0.1832 0.0911 0.2536 0.0680
225 155 0.1328 0.0682 0.1905 0.0941 0.2647 0.0700
225 165 0.1396 0.0886 0.1992 0.0993 0.2758 0.0739
225 175 0.1421 0.0806 0.2027 0.1005 0.2824 0.0752
225 185 0.1489 0.0859 0.2136 0.1057 0.2968 0.0788
225 195 0.1401 0.0870 0.2010 0.0992 0.2810 0.0742
225 205 0.1304 0.0898 0.1881 0.0919 0.2654 0.0680
225 215 0.1235 0.1037 0.1743 0.0890 0.2364 0.0661
250 170 0.1626 0.0889 0.2319 0.1157 0.3212 0.0861
250 180 0.1714 0.0894 0.2445 0.1221 0.3363 0.0910
250 190 0.1743 0.0854 0.2501 0.1240 0.3474 0.0923
250 200 0.1821 0.1082 0.2613 0.1298 0.3607 0.0968
250 210 0.1704 0.1043 0.2458 0.1208 0.3426 0.0895
250 220 0.1792 0.0990 0.2585 0.1271 0.3603 0.0948
250 230 0.1685 0.1153 0.2416 0.1192 0.3378 0.0892
250 240 0.1460 0.1179 0.2059 0.1044 0.2794 0.0781
275 195 0.2041 0.1104 0.2895 0.1444 0.3995 0.1080
275 205 0.2178 0.1237 0.3115 0.1554 0.4307 0.1161
275 215 0.2197 0.1177 0.3152 0.1568 0.4351 0.1172
275 225 0.2100 0.1096 0.3029 0.1481 0.4222 0.1103
275 235 0.2217 0.1187 0.3180 0.1566 0.4418 0.1169
275 245 0.2217 0.1437 0.3180 0.1563 0.4474 0.1165
275 255 0.2139 0.1325 0.3068 0.1511 0.4262 0.1128
275 265 0.1870 0.1361 0.2638 0.1335 0.3579 0.0997
300 220 0.2549 0.1370 0.3636 0.1819 0.5002 0.1359
300 230 0.2744 0.1568 0.3893 0.1959 0.5371 0.1463
300 240 0.2803 0.1815 0.3998 0.1989 0.5500 0.1483
300 250 0.2881 0.1711 0.4110 0.2044 0.5690 0.1525
300 260 0.2725 0.1572 0.3908 0.1933 0.5430 0.1442
300 270 0.2803 0.1828 0.4020 0.1983 0.5621 0.1483
325 245 0.3154 0.1584 0.4500 0.2248 0.6190 0.1676
325 255 0.3232 0.1744 0.4585 0.2303 0.6326 0.1717
325 265 0.3447 0.1927 0.4918 0.2460 0.6765 0.1838
325 275 0.3389 0.2000 0.4861 0.2394 0.6753 0.1787
325 285 0.3467 0.1914 0.4973 0.2445 0.6953 0.1821
325 295 0.3428 0.2343 0.4890 0.2426 0.6813 0.1814
325 305 0.3311 0.1929 0.4749 0.2355 0.6598 0.1752
325 315 0.2959 0.2446 0.4150 0.2119 0.5608 0.1589
350 270 0.3965 0.2009 0.5656 0.2830 0.7781 0.2114
350 280 0.4004 0.2119 0.5712 0.2853 0.7908 0.2127
350 290 0.4238 0.2434 0.6046 0.2999 0.8371 0.2243
350 300 0.4316 0.2676 0.6157 0.3070 0.8525 0.2285
350 310 0.4082 0.2313 0.5823 0.2889 0.8063 0.2161
350 320 0.4238 0.2211 0.6080 0.2999 0.8447 0.2243
350 330 0.4160 0.2622 0.5951 0.2969 0.8202 0.2218
350 340 0.3682 0.2474 0.5164 0.2636 0.6978 0.1977
375 295 0.4707 0.2652 0.6752 0.3360 0.9322 0.2510
375 305 0.4980 0.2725 0.7105 0.3543 0.9774 0.2636
375 315 0.5137 0.2946 0.7328 0.3654 1.0146 0.2719
375 325 0.5293 0.3326 0.7550 0.3746 1.0521 0.2802
375 335 0.5332 0.3303 0.7649 0.3793 1.0560 0.2822
375 345 0.5020 0.3090 0.7240 0.3559 1.0092 0.2637
375 355 0.5137 0.3457 0.7287 0.3660 1.0054 0.2729
375 365 0.4395 0.3267 0.6164 0.3147 0.8273 0.2360
400 320 0.5918 0.3389 0.8442 0.4188 1.1614 0.3132
400 330 0.6035 0.3390 0.8609 0.4271 1.1920 0.3194
400 340 0.6152 0.3597 0.8776 0.4365 1.2229 0.3256
400 350 0.6504 0.3944 0.9278 0.4626 1.2846 0.3442
400 360 0.6270 0.3475 0.8994 0.4460 1.2416 0.3318
400 370 0.6348 0.4139 0.9055 0.4530 1.2537 0.3385
400 380 0.6426 0.4231 0.9166 0.4586 1.2530 0.3426
400 390 0.5449 0.4178 0.7600 0.3902 1.0228 0.2927
425 345 0.6934 0.4008 0.9946 0.4873 1.3905 0.3616
425 355 0.7285 0.4110 1.0392 0.5182 1.4389 0.3856
425 365 0.7676 0.4473 1.0950 0.5478 1.5161 0.4093
425 375 0.7520 0.4330 1.0787 0.5349 1.4986 0.3980
425 385 0.7598 0.4097 1.0899 0.5376 1.5237 0.4021
425 395 0.7637 0.4412 1.0955 0.5409 1.5220 0.4027
425 405 0.7129 0.5479 1.0226 0.5054 1.4118 0.3745
425 415 0.6621 0.5141 0.9287 0.4757 1.2549 0.3582
450 370 0.8711 0.4427 1.2426 0.6180 1.7095 0.4611
450 380 0.8555 0.5059 1.2203 0.6049 1.7005 0.4495
450 390 0.8477 0.4619 1.2362 0.5932 1.7340 0.4354
450 400 0.9023 0.5497 1.2872 0.6385 1.7936 0.4776
450 410 0.8867 0.5945 1.2861 0.6265 1.7984 0.4624
450 420 0.9336 0.5473 1.3392 0.6607 1.8606 0.4941
450 430 0.8867 0.5342 1.2578 0.6307 1.7242 0.4693
450 440 0.7441 0.6206 1.0437 0.5329 1.4104 0.3997
475 395 1.0117 0.5987 1.4513 0.7197 2.0036 0.5355
475 405 0.9805 0.6285 1.4143 0.6891 1.9836 0.5113
475 415 1.1016 0.7914 1.5802 0.7802 2.1954 0.5809
475 425 1.0898 0.6092 1.5634 0.7732 2.1720 0.5769
475 435 1.1445 0.7286 1.6327 0.8099 2.2750 0.6058
475 445 0.9727 0.5995 1.4263 0.6789 2.0185 0.4996
475 455 1.0195 0.5630 1.4625 0.7252 2.0063 0.5396
475 465 0.9219 0.7034 1.3004 0.6602 1.7524 0.4951
500 420 1.2617 0.6498 1.8099 0.8975 2.5145 0.6678
500 430 1.3320 0.8374 1.9108 0.9426 2.6379 0.7050
500 440 1.3320 0.6967 1.9108 0.9426 2.6547 0.7050
500 450 1.3320 0.8110 1.9108 0.9451 2.6547 0.7050
500 460 1.2852 0.9829 1.8435 0.9094 2.5612 0.6802
500 470 1.1992 1.1916 1.7394 0.8399 2.4323 0.6207
500 480 1.2695 0.7757 1.8110 0.9061 2.4755 0.6769
500 490 1.0898 0.8298 1.5373 0.7726 2.0856 0.5726
525 445 1.5195 0.9671 2.1797 1.0716 3.0474 0.7983
525 455 1.4102 0.8801 2.0341 0.9911 2.8353 0.7354
525 465 1.5117 0.8719 2.1685 1.0717 3.0128 0.7942
525 475 1.5508 0.8345 2.2369 1.0936 3.1181 0.8148
525 485 1.6484 1.3576 2.3515 1.1746 3.2559 0.8757
525 495 1.5430 1.0562 2.2134 1.0976 3.0557 0.8167
525 505 1.5273 1.1512 2.1666 1.0901 2.9506 0.8144
525 515 1.2773 1.0673 1.8120 0.9117 2.4514 0.6811
550 470 1.8672 1.0342 2.6636 1.3282 3.6644 0.9883
550 480 1.6797 0.9317 2.4095 1.1877 3.3686 0.8825
550 490 1.5430 0.9558 2.2503 1.0807 3.1754 0.7986
550 500 1.7266 1.1280 2.4767 1.2240 3.4409 0.9071
550 510 1.7109 0.9683 2.4543 1.2066 3.4098 0.8989
550 520 1.9766 1.3409 2.8196 1.3939 3.9040 1.0385
550 530 1.8672 1.2463 2.6487 1.3282 3.6308 0.9883
550 540 1.4727 1.1126 2.0773 1.0511 2.8182 0.7852
575 495 2.0234 1.1018 2.9187 1.4345 4.0431 1.0631
575 505 1.9766 1.7449 2.8590 1.3891 4.0038 1.0307
575 515 2.1172 1.1674 3.0539 1.5009 4.2569 1.1124
575 525 2.1016 1.2607 3.0314 1.4719 4.2517 1.0877
575 535 1.7891 0.9854 2.5949 1.2530 3.6508 0.9260
575 545 2.0547 1.2690 2.9474 1.4578 4.0949 1.0875
575 555 2.0703 2.1133 2.9533 1.4776 4.0500 1.1039
575 565 1.7891 1.5281 2.5093 1.2790 3.3909 0.9574
600 520 2.5391 1.3426 3.6422 1.7906 5.0602 1.3340
600 530 2.6016 1.6461 3.7319 1.8347 5.1848 1.3668
600 540 2.3203 1.4314 3.3284 1.6420 4.6243 1.2281
600 550 2.5234 1.2788 3.6802 1.7721 5.1620 1.3061
600 560 2.5547 1.5738 3.6443 1.8233 5.0136 1.3622
600 570 2.3359 1.2963 3.3509 1.6474 4.6554 1.2273
600 580 2.2422 1.5541 3.2521 1.5649 4.5476 1.1517
600 590 2.3359 2.0247 3.2764 1.6728 4.4274 1.2547
625 545 2.9609 1.7165 4.2474 2.0881 5.9381 1.5556
625 555 2.5859 1.4035 3.7919 1.7887 5.3983 1.3182
625 565 3.0547 1.9702 4.4062 2.1656 6.1419 1.6049
625 575 2.5234 1.5083 3.7003 1.7612 5.2057 1.2962
625 585 3.2031 2.3853 4.5948 2.2726 6.3435 1.6954
625 595 3.0078 2.6666 4.3386 2.1231 6.0476 1.5744
625 605 2.3516 1.4484 3.4670 1.6213 4.8916 1.1758
625 615 2.4766 2.2128 3.5131 1.7616 4.7843 1.3108
650 570 3.4219 2.1597 4.9359 2.4341 6.8801 1.8112
650 580 2.9531 1.7527 4.3068 2.0683 6.1140 1.5285
650 590 3.6562 2.3132 5.2740 2.5764 7.3970 1.9067
650 600 2.7422 2.1075 4.0648 1.8833 5.8511 1.3764
650 610 3.9531 2.8936 5.6392 2.8120 7.8079 2.0924
650 620 3.5469 2.2799 5.1162 2.5013 7.1315 1.8635
650 630 2.8828 1.7080 4.2502 1.9841 5.9967 1.4358
650 640 2.6562 2.4063 3.7680 1.8895 5.1315 1.4059
675 595 3.7344 2.2926 5.4462 2.6245 7.6853 1.9474
675 605 3.6094 2.5465 5.2351 2.5367 7.4102 1.8822
675 615 3.8281 2.2126 5.5524 2.6904 7.7642 1.9963
675 625 4.5156 2.8444 6.4776 3.2229 8.9427 2.4077
675 635 3.6094 2.1123 5.2927 2.5016 7.4904 1.8258
675 645 3.4219 3.5450 5.1541 2.3332 7.4311 1.6909
675 655 3.4375 2.7072 5.0680 2.3575 7.1084 1.6986
675 665 3.5469 2.9169 5.0031 2.5380 6.7875 1.8912
700 620 4.6719 2.2909 6.7389 3.2947 9.4518 2.4546
700 630 3.1719 1.9673 4.8534 2.1016 7.1557 1.4806
700 640 5.2969 3.0586 7.5983 3.7483 10.6229 2.8036
700 650 4.3906 2.6654 6.3683 3.1126 8.9596 2.3068
700 660 5.3594 3.0557 7.7306 3.7994 10.7088 2.8158
700 670 4.7969 3.3616 6.9193 3.3712 9.6448 2.5015
700 680 3.8594 2.6521 5.6900 2.6655 8.0280 1.9372
700 690 3.6094 3.7384 5.2639 2.5191 7.3388 1.8540
725 645 5.2969 4.0616 7.7249 3.7098 10.9010 2.7415
725 655 5.4531 4.0231 7.9093 3.8594 11.0600 2.8544
725 665 4.9531 2.5374 7.3026 3.4450 10.3638 2.5249
725 675 5.6406 3.0714 8.2937 3.9232 11.7887 2.8754
725 685 5.4531 3.5909 7.9093 3.8192 11.0600 2.8224
725 695 6.5938 3.9871 9.4586 4.6903 13.0582 3.4901
725 705 4.4062 3.7698 6.5666 3.0132 9.3688 2.1773
725 715 4.0156 2.8686 5.8564 2.7735 8.1152 2.0157
750 670 6.5312 4.6187 9.4210 4.6146 13.2135 3.4059
750 680 6.2812 3.8093 9.1856 4.3916 13.0198 3.2388
750 690 5.9844 3.9396 8.6799 4.1913 12.2118 3.0974
750 700 6.5938 5.8286 9.5637 4.6181 13.5373 3.4128
750 710 6.5312 4.0251 9.5251 4.5743 13.4413 3.3804
750 720 7.5938 4.0375 10.8325 5.3785 14.9029 4.0045
750 730 6.5938 3.6640 9.4060 4.6982 12.9404 3.5029
750 740 5.7969 4.3234 8.1769 4.1374 11.1671 3.0909
775 695 7.0312 3.9435 10.3104 4.8941 14.6781 3.6118
775 705 7.2188 5.2941 10.5853 4.9857 15.0695 3.6235
775 715 7.7812 4.6826 11.2241 5.4686 15.6452 4.0578
775 725 8.5938 5.6685 12.3276 6.1130 17.1269 4.5486
775 735 8.5938 5.0797 12.3961 6.0397 17.2789 4.4815
775 745 7.6562 4.5844 11.1048 5.3951 15.6235 3.9926
775 755 5.9688 4.8218 8.8951 4.0699 12.6911 2.9494
775 765 5.7969 5.7386 8.3155 4.0740 11.4801 3.0230
800 720 8.9531 5.7077 13.0572 6.2488 18.4255 4.5990
800 730 8.0938 5.7957 11.8684 5.6686 16.7966 4.1891
800 740 5.5781 2.5667 8.6687 3.6705 12.8479 2.5821
800 750 7.7188 5.6984 11.3801 5.3873 16.1505 3.9649
800 760 8.4688 6.5674 12.2833 5.9632 17.2815 4.3832
800 770 7.7812 5.5539 11.3481 5.4309 16.1100 3.9970
800 780 9.0000 7.7679 12.8386 6.3912 17.6627 4.7461
800 790 7.7188 6.9668 11.0108 5.4813 15.0509 4.0704
